SM:2021-04-08T18:13:07.0939045Z
LM:2021-06-05T04:21:16.5841916Z
CT:image/jpeg
MA:2592000
CL:516667
