SM:2021-04-08T18:13:07.0889081Z
LM:2021-04-08T18:21:47.7557764Z
CT:image/jpeg
MA:2592000
CL:1093856
