SM:2021-04-08T18:13:07.0939045Z
LM:2021-04-08T18:13:10.3943648Z
CT:image/jpeg
MA:2592000
CL:516667
