SM:2021-04-08T18:13:07.0939045Z
LM:2021-04-08T18:14:09.3276390Z
CT:image/jpeg
MA:2592000
CL:21958
