SM:2021-04-08T18:13:07.0889081Z
LM:2021-06-05T04:23:58.1412136Z
CT:image/jpeg
MA:2592000
CL:70088
