SM:2021-04-08T18:13:07.0939045Z
LM:2021-06-05T04:23:58.0961360Z
CT:image/jpeg
MA:2592000
CL:21958
