SM:2021-04-08T18:13:07.0989087Z
LM:2021-06-05T04:23:58.1008701Z
CT:image/jpeg
MA:2592000
CL:49427
