SM:2021-04-08T18:13:07.0989087Z
LM:2021-04-08T18:14:09.3400847Z
CT:image/jpeg
MA:2592000
CL:49427
